wc_day46.h5:ddstream,14400,0,100790168,100800,1,4,1612642688,2207321,224178148,0.139012907,AGM,0.02,7000,4,0,43289,115493,2104,0,159686768
wc_day46.h5:ddstream,14400,0,100790168,100800,1,4,1612642688,78234,370178880,0.2295479853,GM,0.02,7000,4,0,3078,8484,12312,10941,240787088
wc_day46.h5:ddstream,14400,0,100790168,100800,1,4,1612642688,2220119,279703720,0.1734443235,AGM,0.02,10500,4,0,43813,116964,1989,0,190593732
wc_day46.h5:ddstream,14400,0,100790168,100800,1,4,1612642688,78223,518073456,0.3212574365,GM,0.02,10500,4,0,3081,8479,12324,10927,335789104
wc_day46.h5:ddstream,14400,0,100790168,100800,1,4,1612642688,2112293,367938164,0.2281585169,AGM,0.02,14000,4,0,40787,111029,1740,0,265144496
wc_day46.h5:ddstream,14400,0,100790168,100800,1,4,1612642688,80891,670559264,0.4158139115,GM,0.02,14000,4,0,3184,8777,12736,11305,434675520
wc_day46.h5:ddstream,14400,0,100790168,100800,1,4,1612642688,2134536,428395276,0.2656479822,AGM,0.02,17500,4,0,41223,112925,1797,0,297207380
wc_day46.h5:ddstream,14400,0,100790168,100800,1,4,1612642688,80979,805364720,0.4994067973,GM,0.02,17500,4,0,3175,8796,12700,11364,521075488
wc_day46.h5:ddstream,14400,0,100790168,100800,1,4,1612642688,2342173,526296228,0.3263563788,AGM,0.02,21000,4,0,45779,123697,1508,0,393711616
wc_day46.h5:ddstream,14400,0,100790168,100800,1,4,1612642688,79696,913007040,0.5661558179,GM,0.02,21000,4,0,3132,8647,12528,11158,590466304
wc_day46.h5:ddstream,14400,0,100790168,100800,1,4,1612642688,2219596,601758640,0.3731506331,AGM,0.02,24500,4,0,44353,117409,1480,0,451201760
wc_day46.h5:ddstream,14400,0,100790168,100800,1,4,1612642688,81687,1060591440,0.657672929,GM,0.02,24500,4,0,3198,8877,12792,11481,683993392
wc_day46.h5:ddstream,14400,0,100790168,100800,1,4,1612642688,2251560,663472552,0.4114194402,AGM,0.02,28000,4,0,43898,118443,1262,0,516493176
wc_day46.h5:ddstream,14400,0,100790168,100800,1,4,1612642688,80607,1150806832,0.7136155086,GM,0.02,28000,4,0,3169,8739,12676,11283,741705456
wc_day46.h5:ddstream,14400,0,100790168,100800,1,4,1612642688,822136,133426420,0.08273774531,AGM,0.04,7000,4,0,16171,42242,1459,0,90490828
wc_day46.h5:ddstream,14400,0,100790168,100800,1,4,1612642688,44067,216880208,0.1344874532,GM,0.04,7000,4,0,1721,4788,6884,6212,141413904
wc_day46.h5:ddstream,14400,0,100790168,100800,1,4,1612642688,854546,180801980,0.112115338,AGM,0.04,10500,4,0,16492,44485,1243,0,126427180
wc_day46.h5:ddstream,14400,0,100790168,100800,1,4,1612642688,43515,303897568,0.1884469326,GM,0.04,10500,4,0,1699,4737,6796,6133,197856864
wc_day46.h5:ddstream,14400,0,100790168,100800,1,4,1612642688,739695,239176972,0.1483136803,AGM,0.04,14000,4,0,14019,38278,1184,0,170984656
wc_day46.h5:ddstream,14400,0,100790168,100800,1,4,1612642688,44199,397844544,0.2467034681,GM,0.04,14000,4,0,1720,4815,6880,6251,258594848
wc_day46.h5:ddstream,14400,0,100790168,100800,1,4,1612642688,758551,271054304,0.1680808192,AGM,0.04,17500,4,0,14493,39395,1155,0,188273372
wc_day46.h5:ddstream,14400,0,100790168,100800,1,4,1612642688,44182,475491472,0.2948523412,GM,0.04,17500,4,0,1716,4813,6864,6262,308919264
wc_day46.h5:ddstream,14400,0,100790168,100800,1,4,1612642688,866712,319694248,0.1982424565,AGM,0.04,21000,4,0,16435,45405,974,0,235671688
wc_day46.h5:ddstream,14400,0,100790168,100800,1,4,1612642688,44278,560692512,0.3476855203,GM,0.04,21000,4,0,1731,4816,6924,6233,364684160
wc_day46.h5:ddstream,14400,0,100790168,100800,1,4,1612642688,798034,357217112,0.2215103908,AGM,0.04,24500,4,0,15827,41850,868,0,270143920
wc_day46.h5:ddstream,14400,0,100790168,100800,1,4,1612642688,44252,623675216,0.3867411055,GM,0.04,24500,4,0,1722,4823,6888,6258,404634912
wc_day46.h5:ddstream,14400,0,100790168,100800,1,4,1612642688,738571,393692892,0.244129028,AGM,0.04,28000,4,0,14165,38565,892,0,291912000
wc_day46.h5:ddstream,14400,0,100790168,100800,1,4,1612642688,43927,706077984,0.4378390757,GM,0.04,28000,4,0,1706,4789,6824,6225,457550432
wc_day46.h5:ddstream,14400,0,100790168,100800,1,4,1612642688,442540,94153004,0.0583842935,AGM,0.06,7000,4,0,8337,22589,1181,0,59952436
wc_day46.h5:ddstream,14400,0,100790168,100800,1,4,1612642688,31222,160345856,0.09943049207,GM,0.06,7000,4,0,1209,3406,4836,4439,104636736
wc_day46.h5:ddstream,14400,0,100790168,100800,1,4,1612642688,459330,134549120,0.08343393177,AGM,0.06,10500,4,0,8461,23711,966,0,92797592
wc_day46.h5:ddstream,14400,0,100790168,100800,1,4,1612642688,30762,219863792,0.1363375741,GM,0.06,10500,4,0,1190,3357,4760,4378,143359520
wc_day46.h5:ddstream,14400,0,100790168,100800,1,4,1612642688,390766,172798824,0.1071525796,AGM,0.06,14000,4,0,7294,19922,940,0,119155376
wc_day46.h5:ddstream,14400,0,100790168,100800,1,4,1612642688,30166,285191200,0.1768471107,GM,0.06,14000,4,0,1167,3298,4668,4291,185546880
wc_day46.h5:ddstream,14400,0,100790168,100800,1,4,1612642688,410888,210721132,0.1306682091,AGM,0.06,17500,4,0,7843,21091,821,0,152202516
wc_day46.h5:ddstream,14400,0,100790168,100800,1,4,1612642688,30209,341720048,0.2119006588,GM,0.06,17500,4,0,1166,3302,4664,4308,222163632
wc_day46.h5:ddstream,14400,0,100790168,100800,1,4,1612642688,470362,249424728,0.1546683155,AGM,0.06,21000,4,0,8657,24447,716,0,188338464
wc_day46.h5:ddstream,14400,0,100790168,100800,1,4,1612642688,30347,403596016,0.2502699569,GM,0.06,21000,4,0,1173,3314,4692,4322,262579168
wc_day46.h5:ddstream,14400,0,100790168,100800,1,4,1612642688,432407,267963100,0.166163963,AGM,0.06,24500,4,0,8362,22536,664,0,201794880
wc_day46.h5:ddstream,14400,0,100790168,100800,1,4,1612642688,29804,440208608,0.2729734313,GM,0.06,24500,4,0,1153,3257,4612,4240,286159312
wc_day46.h5:ddstream,14400,0,100790168,100800,1,4,1612642688,400645,302975044,0.1878748754,AGM,0.06,28000,4,0,7567,20785,656,0,228480352
wc_day46.h5:ddstream,14400,0,100790168,100800,1,4,1612642688,29833,504320176,0.3127290253,GM,0.06,28000,4,0,1152,3262,4608,4252,327697616
wc_day46.h5:ddstream,14400,0,100790168,100800,1,4,1612642688,281906,74305204,0.0460766694,AGM,0.08,7000,4,0,5288,14208,969,0,46449812
wc_day46.h5:ddstream,14400,0,100790168,100800,1,4,1612642688,24057,125776624,0.07799410554,GM,0.08,7000,4,0,932,2631,3728,3417,82196496
wc_day46.h5:ddstream,14400,0,100790168,100800,1,4,1612642688,285758,108662208,0.06738145332,AGM,0.08,10500,4,0,5253,14527,834,0,72929464
wc_day46.h5:ddstream,14400,0,100790168,100800,1,4,1612642688,23740,175404416,0.1087683076,GM,0.08,10500,4,0,919,2596,3676,3375,114459024
wc_day46.h5:ddstream,14400,0,100790168,100800,1,4,1612642688,257095,134054236,0.08312705412,AGM,0.08,14000,4,0,4749,13021,748,0,91504080
wc_day46.h5:ddstream,14400,0,100790168,100800,1,4,1612642688,22821,221390480,0.1372842736,GM,0.08,14000,4,0,884,2496,3536,3242,144447008
wc_day46.h5:ddstream,14400,0,100790168,100800,1,4,1612642688,265821,163300688,0.1012627839,AGM,0.08,17500,4,0,5027,13585,669,0,115834564
wc_day46.h5:ddstream,14400,0,100790168,100800,1,4,1612642688,22873,264080016,0.163756062,GM,0.08,17500,4,0,886,2503,3544,3249,172230304
wc_day46.h5:ddstream,14400,0,100790168,100800,1,4,1612642688,307377,204252860,0.1266572326,AGM,0.08,21000,4,0,5632,15842,546,0,157737832
wc_day46.h5:ddstream,14400,0,100790168,100800,1,4,1612642688,23052,314572736,0.1950666061,GM,0.08,21000,4,0,895,2520,3580,3267,204971408
wc_day46.h5:ddstream,14400,0,100790168,100800,1,4,1612642688,282288,215880156,0.1338673208,AGM,0.08,24500,4,0,5406,14521,549,0,161445812
wc_day46.h5:ddstream,14400,0,100790168,100800,1,4,1612642688,22614,343341840,0.2129063323,GM,0.08,24500,4,0,878,2472,3512,3205,223511616
wc_day46.h5:ddstream,14400,0,100790168,100800,1,4,1612642688,265407,237404028,0.1472142774,AGM,0.08,28000,4,0,4965,13668,540,0,176244224
wc_day46.h5:ddstream,14400,0,100790168,100800,1,4,1612642688,22636,389375648,0.2414519043,GM,0.08,28000,4,0,874,2479,3496,3226,253553696
wc_day46.h5:ddstream,14400,0,100790168,100800,1,4,1612642688,202797,60814032,0.03771079139,AGM,0.1,7000,4,0,3714,10140,805,0,37750308
wc_day46.h5:ddstream,14400,0,100790168,100800,1,4,1612642688,19568,104161584,0.06459061562,GM,0.1,7000,4,0,758,2138,3032,2781,68065664
wc_day46.h5:ddstream,14400,0,100790168,100800,1,4,1612642688,204797,89081836,0.05523966137,AGM,0.1,10500,4,0,3769,10339,718,0,58463608
wc_day46.h5:ddstream,14400,0,100790168,100800,1,4,1612642688,19455,145697344,0.09034694733,GM,0.1,10500,4,0,752,2127,3008,2771,95094336
wc_day46.h5:ddstream,14400,0,100790168,100800,1,4,1612642688,188603,108850300,0.0674980892,AGM,0.1,14000,4,0,3497,9511,620,0,73644864
wc_day46.h5:ddstream,14400,0,100790168,100800,1,4,1612642688,18355,181026304,0.1122544413,GM,0.1,14000,4,0,711,2005,2844,2609,118122992
wc_day46.h5:ddstream,14400,0,100790168,100800,1,4,1612642688,198261,135235516,0.08385956604,AGM,0.1,17500,4,0,3728,10052,550,0,96589272
wc_day46.h5:ddstream,14400,0,100790168,100800,1,4,1612642688,18522,217016016,0.1345716677,GM,0.1,17500,4,0,716,2025,2864,2638,141442320
wc_day46.h5:ddstream,14400,0,100790168,100800,1,4,1612642688,216291,162716292,0.1009003998,AGM,0.1,21000,4,0,3954,11064,502,0,120139496
wc_day46.h5:ddstream,14400,0,100790168,100800,1,4,1612642688,18674,258975824,0.1605909517,GM,0.1,21000,4,0,722,2042,2888,2659,168775792
wc_day46.h5:ddstream,14400,0,100790168,100800,1,4,1612642688,201075,181787300,0.1127263351,AGM,0.1,24500,4,0,3886,10296,494,0,133362680
wc_day46.h5:ddstream,14400,0,100790168,100800,1,4,1612642688,18350,281808528,0.1747495153,GM,0.1,24500,4,0,710,2006,2840,2611,183557408
wc_day46.h5:ddstream,14400,0,100790168,100800,1,4,1612642688,193590,199202136,0.1235252778,AGM,0.1,28000,4,0,3634,9932,464,0,146738624
wc_day46.h5:ddstream,14400,0,100790168,100800,1,4,1612642688,18069,316955952,0.1965444387,GM,0.1,28000,4,0,698,1974,2792,2576,206448720
wc_day46.h5:ddstream,14400,0,100790168,100800,1,8,1612642688,7205870,464378304,0.2879610638,AGM,0.02,7000,8,0,57315,207419,3626,0,344361272
wc_day46.h5:ddstream,14400,0,100790168,100800,1,8,1612642688,190922,801401200,0.4969490179,GM,0.02,7000,8,0,3846,16972,30768,27221,514336112
wc_day46.h5:ddstream,14400,0,100790168,100800,1,8,1612642688,8286924,649897600,0.4030016102,AGM,0.02,10500,8,0,64754,239114,2584,0,520038352
wc_day46.h5:ddstream,14400,0,100790168,100800,1,8,1612642688,190002,1101664448,0.6831423081,GM,0.02,10500,8,0,3821,16925,30568,27130,702456400
wc_day46.h5:ddstream,14400,0,100790168,100800,1,8,1612642688,8604797,841587336,0.5218684475,AGM,0.02,14000,8,0,65003,247690,2183,0,697023756
wc_day46.h5:ddstream,14400,0,100790168,100800,1,8,1612642688,195809,1415781472,0.8779263271,GM,0.02,14000,8,0,3934,17449,31472,27987,901400464
wc_day46.h5:ddstream,14400,0,100790168,100800,1,8,1612642688,9120677,967302616,0.5998245136,AGM,0.02,17500,8,0,68574,262640,1719,0,823296748
wc_day46.h5:ddstream,14400,0,100790168,100800,1,8,1612642688,196675,1700478832,1.054467208,GM,0.02,17500,8,0,3938,17580,31504,28200,1080755168
wc_day46.h5:ddstream,14400,0,100790168,100800,1,8,1612642688,9958612,1171533624,0.7264681958,AGM,0.02,21000,8,0,75167,286510,762,0,1081676152
wc_day46.h5:ddstream,14400,0,100790168,100800,1,8,1612642688,193124,1912683424,1.18605531,GM,0.02,21000,8,0,3882,17188,31056,27595,1214925328
wc_day46.h5:ddstream,14400,0,100790168,100800,1,8,1612642688,8873371,1176631060,0.7296291167,AGM,0.02,24500,8,0,68562,255159,1106,0,1045311352
wc_day46.h5:ddstream,14400,0,100790168,100800,1,8,1612642688,197410,2205707744,1.36775974,GM,0.02,24500,8,0,3952,17619,31616,28320,1398986576
wc_day46.h5:ddstream,14400,0,100790168,100800,1,8,1612642688,9212388,1179910788,0.7316628766,AGM,0.02,28000,8,0,69146,264390,947,0,1049956044
wc_day46.h5:ddstream,14400,0,100790168,100800,1,8,1612642688,195406,2399582720,1.487981645,GM,0.02,28000,8,0,3920,17430,31360,27971,1518226560
wc_day46.h5:ddstream,14400,0,100790168,100800,1,8,1612642688,2679369,262793932,0.1629585611,AGM,0.04,7000,8,0,21037,75898,2454,0,187159064
wc_day46.h5:ddstream,14400,0,100790168,100800,1,8,1612642688,107416,476281040,0.2953419524,GM,0.04,7000,8,0,2145,9561,17160,15464,307704112
wc_day46.h5:ddstream,14400,0,100790168,100800,1,8,1612642688,2612698,329105520,0.2040783879,AGM,0.04,10500,8,0,20440,74591,2378,0,222492696
wc_day46.h5:ddstream,14400,0,100790168,100800,1,8,1612642688,106218,659688224,0.4090727778,GM,0.04,10500,8,0,2119,9482,16952,15299,425080160
wc_day46.h5:ddstream,14400,0,100790168,100800,1,8,1612642688,2450633,454352788,0.2817442397,AGM,0.04,14000,8,0,18544,69519,2088,0,331050256
wc_day46.h5:ddstream,14400,0,100790168,100800,1,8,1612642688,107660,860513200,0.533604379,GM,0.04,14000,8,0,2143,9622,17144,15541,553032256
wc_day46.h5:ddstream,14400,0,100790168,100800,1,8,1612642688,2580509,534295716,0.3313168627,AGM,0.04,17500,8,0,19671,73360,2024,0,385916208
wc_day46.h5:ddstream,14400,0,100790168,100800,1,8,1612642688,107428,1019253568,0.6320393076,GM,0.04,17500,8,0,2138,9603,17104,15510,653903856
wc_day46.h5:ddstream,14400,0,100790168,100800,1,8,1612642688,2961265,663232820,0.4112707824,AGM,0.04,21000,8,0,22372,84513,1688,0,513745360
wc_day46.h5:ddstream,14400,0,100790168,100800,1,8,1612642688,107851,1209288704,0.7498801272,GM,0.04,21000,8,0,2146,9645,17168,15573,774147744
wc_day46.h5:ddstream,14400,0,100790168,100800,1,8,1612642688,2711708,720208800,0.4466015971,AGM,0.04,24500,8,0,21326,77253,1400,0,576010000
wc_day46.h5:ddstream,14400,0,100790168,100800,1,8,1612642688,108123,1329045744,0.8241414877,GM,0.04,24500,8,0,2151,9680,17208,15612,848349456
wc_day46.h5:ddstream,14400,0,100790168,100800,1,8,1612642688,2844585,835845252,0.5183077803,AGM,0.04,28000,8,0,21266,80810,1280,0,685063968
wc_day46.h5:ddstream,14400,0,100790168,100800,1,8,1612642688,107351,1507058384,0.9345271555,GM,0.04,28000,8,0,2134,9610,17072,15514,960334784
wc_day46.h5:ddstream,14400,0,100790168,100800,1,8,1612642688,1502415,204334116,0.1267076194,AGM,0.06,7000,8,0,11370,42208,1906,0,147049912
wc_day46.h5:ddstream,14400,0,100790168,100800,1,8,1612642688,76380,353262240,0.219057974,GM,0.06,7000,8,0,1512,6836,12096,11091,228344896
wc_day46.h5:ddstream,14400,0,100790168,100800,1,8,1612642688,1434260,253042384,0.1569116246,AGM,0.06,10500,8,0,10776,40600,1864,0,171020992
wc_day46.h5:ddstream,14400,0,100790168,100800,1,8,1612642688,75263,485127344,0.300827547,GM,0.06,10500,8,0,1488,6760,11904,10936,313483264
wc_day46.h5:ddstream,14400,0,100790168,100800,1,8,1612642688,1304751,346305164,0.21474389,AGM,0.06,14000,8,0,9710,36627,1544,0,256427888
wc_day46.h5:ddstream,14400,0,100790168,100800,1,8,1612642688,73710,620008640,0.3844674612,GM,0.06,14000,8,0,1456,6605,11648,10726,399536528
wc_day46.h5:ddstream,14400,0,100790168,100800,1,8,1612642688,1318872,373522432,0.2316213224,AGM,0.06,17500,8,0,10030,37060,1544,0,262007008
wc_day46.h5:ddstream,14400,0,100790168,100800,1,8,1612642688,73919,739012176,0.4582615737,GM,0.06,17500,8,0,1462,6628,11696,10740,475409600
wc_day46.h5:ddstream,14400,0,100790168,100800,1,8,1612642688,1481313,455803252,0.2826436726,AGM,0.06,21000,8,0,10913,42059,1416,0,332989520
wc_day46.h5:ddstream,14400,0,100790168,100800,1,8,1612642688,74053,875098784,0.542648902,GM,0.06,21000,8,0,1466,6633,11728,10751,562124864
wc_day46.h5:ddstream,14400,0,100790168,100800,1,8,1612642688,1360065,493399556,0.305957147,AGM,0.06,24500,8,0,10523,38590,1256,0,366789568
wc_day46.h5:ddstream,14400,0,100790168,100800,1,8,1612642688,73325,959902528,0.5952357178,GM,0.06,24500,8,0,1451,6580,11608,10646,615740624
wc_day46.h5:ddstream,14400,0,100790168,100800,1,8,1612642688,1335524,580310528,0.3598506553,AGM,0.06,28000,8,0,9999,37743,1200,0,442425616
wc_day46.h5:ddstream,14400,0,100790168,100800,1,8,1612642688,73105,1094167472,0.678493432,GM,0.06,28000,8,0,1442,6573,11536,10647,700917472
wc_day46.h5:ddstream,14400,0,100790168,100800,1,8,1612642688,968350,157830552,0.09787075164,AGM,0.08,7000,8,0,7215,26896,1632,0,109596512
wc_day46.h5:ddstream,14400,0,100790168,100800,1,8,1612642688,59022,280121712,0.1737035204,GM,0.08,7000,8,0,1169,5303,9352,8560,181394832
wc_day46.h5:ddstream,14400,0,100790168,100800,1,8,1612642688,920794,209306520,0.129791008,AGM,0.08,10500,8,0,6844,25780,1560,0,141378672
wc_day46.h5:ddstream,14400,0,100790168,100800,1,8,1612642688,58467,389854624,0.2417489174,GM,0.08,10500,8,0,1156,5255,9248,8495,252447584
wc_day46.h5:ddstream,14400,0,100790168,100800,1,8,1612642688,843216,265239376,0.1644749813,AGM,0.08,14000,8,0,6243,23435,1320,0,189106416
wc_day46.h5:ddstream,14400,0,100790168,100800,1,8,1612642688,56014,485947200,0.3013359398,GM,0.08,14000,8,0,1109,5034,8872,8127,313962976
wc_day46.h5:ddstream,14400,0,100790168,100800,1,8,1612642688,867944,306799792,0.1902466022,AGM,0.08,17500,8,0,6564,24273,1200,0,220534320
wc_day46.h5:ddstream,14400,0,100790168,100800,1,8,1612642688,56271,582599520,0.3612700596,GM,0.08,17500,8,0,1112,5063,8896,8179,375738608
wc_day46.h5:ddstream,14400,0,100790168,100800,1,8,1612642688,966978,362843752,0.2249994712,AGM,0.08,21000,8,0,7068,27224,1112,0,266900128
wc_day46.h5:ddstream,14400,0,100790168,100800,1,8,1612642688,56387,688051840,0.4266610608,GM,0.08,21000,8,0,1117,5062,8936,8178,443201072
wc_day46.h5:ddstream,14400,0,100790168,100800,1,8,1612642688,893701,391544820,0.2427970082,AGM,0.08,24500,8,0,6853,25177,1040,0,287302464
wc_day46.h5:ddstream,14400,0,100790168,100800,1,8,1612642688,55307,753969456,0.4675365855,GM,0.08,24500,8,0,1096,4966,8768,8018,485345824
wc_day46.h5:ddstream,14400,0,100790168,100800,1,8,1612642688,872489,447112548,0.2772545656,AGM,0.08,28000,8,0,6486,24492,984,0,334621184
wc_day46.h5:ddstream,14400,0,100790168,100800,1,8,1612642688,55400,849033440,0.5264857779,GM,0.08,28000,8,0,1096,4984,8768,8043,545740656
wc_day46.h5:ddstream,14400,0,100790168,100800,1,8,1612642688,666998,128806920,0.07987319259,AGM,0.1,7000,8,0,4932,18385,1456,0,86286416
wc_day46.h5:ddstream,14400,0,100790168,100800,1,8,1612642688,47936,230204960,0.1427501341,GM,0.1,7000,8,0,947,4315,7576,6970,149040944
wc_day46.h5:ddstream,14400,0,100790168,100800,1,8,1612642688,666780,179410272,0.1112523396,AGM,0.1,10500,8,0,4940,18510,1304,0,122893936
wc_day46.h5:ddstream,14400,0,100790168,100800,1,8,1612642688,47534,323309760,0.2004844361,GM,0.1,10500,8,0,937,4288,7496,6925,209521856
wc_day46.h5:ddstream,14400,0,100790168,100800,1,8,1612642688,621536,219123520,0.1358785313,AGM,0.1,14000,8,0,4602,17192,1104,0,155666752
wc_day46.h5:ddstream,14400,0,100790168,100800,1,8,1612642688,45238,397463776,0.2464673538,GM,0.1,14000,8,0,893,4071,7144,6584,256860672
wc_day46.h5:ddstream,14400,0,100790168,100800,1,8,1612642688,639777,259014692,0.1606150537,AGM,0.1,17500,8,0,4848,17795,984,0,188463040
wc_day46.h5:ddstream,14400,0,100790168,100800,1,8,1612642688,45442,477455776,0.2960704064,GM,0.1,17500,8,0,897,4092,7176,6613,308439504
wc_day46.h5:ddstream,14400,0,100790168,100800,1,8,1612642688,688373,295520996,0.1832526189,AGM,0.1,21000,8,0,5010,19265,984,0,211056368
wc_day46.h5:ddstream,14400,0,100790168,100800,1,8,1612642688,45610,567541792,0.3519327599,GM,0.1,21000,8,0,900,4110,7200,6639,365621856
wc_day46.h5:ddstream,14400,0,100790168,100800,1,8,1612642688,655860,331448944,0.2055315455,AGM,0.1,24500,8,0,5015,18323,872,0,244283648
wc_day46.h5:ddstream,14400,0,100790168,100800,1,8,1612642688,44842,625825328,0.3880743904,GM,0.1,24500,8,0,886,4038,7088,6519,403631792
wc_day46.h5:ddstream,14400,0,100790168,100800,1,8,1612642688,638797,375166372,0.2326407299,AGM,0.1,28000,8,0,4754,17835,840,0,279412752
wc_day46.h5:ddstream,14400,0,100790168,100800,1,8,1612642688,44546,696254304,0.4317474101,GM,0.1,28000,8,0,880,4012,7040,6477,448581456
wc_day46.h5:ddstream,14400,0,100790168,100800,1,12,1612642688,16415086,792240036,0.4912681786,AGM,0.02,7000,12,0,76885,328294,3589,0,649255284
wc_day46.h5:ddstream,14400,0,100790168,100800,1,12,1612642688,334504,1343551152,0.8331362936,GM,0.02,7000,12,0,4495,27500,53940,48403,843401264
wc_day46.h5:ddstream,14400,0,100790168,100800,1,12,1612642688,17868226,1002865068,0.6218767961,AGM,0.02,10500,12,0,82621,357356,2167,0,865480012
wc_day46.h5:ddstream,14400,0,100790168,100800,1,12,1612642688,334525,1827696928,1.13335517,GM,0.02,10500,12,0,4493,27515,53916,48429,1138376960
wc_day46.h5:ddstream,14400,0,100790168,100800,1,12,1612642688,17514417,1133493460,0.7028794837,AGM,0.02,14000,12,0,79130,349916,1836,0,985026736
wc_day46.h5:ddstream,14400,0,100790168,100800,1,12,1612642688,344482,2343032816,1.45291504,GM,0.02,14000,12,0,4620,28400,55440,49929,1451491600
wc_day46.h5:ddstream,14400,0,100790168,100800,1,12,1612642688,17748318,1202866500,0.7458977174,AGM,0.02,17500,12,0,80239,354831,1433,0,1056309332
wc_day46.h5:ddstream,14400,0,100790168,100800,1,12,1612642688,345114,2776932496,1.721976304,GM,0.02,17500,12,0,4620,28489,55440,50110,1715738784
wc_day46.h5:ddstream,14400,0,100790168,100800,1,12,1612642688,18653136,1316949704,0.8166407313,AGM,0.02,21000,12,0,84917,372601,726,0,1207395656
wc_day46.h5:ddstream,14400,0,100790168,100800,1,12,1612642688,338700,3110964304,1.929109484,GM,0.02,21000,12,0,4552,27841,54624,49004,1914258512
wc_day46.h5:ddstream,14400,0,100790168,100800,1,12,1612642688,16721808,1368247420,0.8484504535,AGM,0.02,24500,12,0,77865,333613,601,0,1266015236
wc_day46.h5:ddstream,14400,0,100790168,100800,1,12,1612642688,347384,3557388864,2.205937428,GM,0.02,24500,12,0,4648,28668,55776,50471,2180121232
wc_day46.h5:ddstream,14400,0,100790168,100800,1,12,1612642688,17400299,1379326728,0.8553207343,AGM,0.02,28000,12,0,78651,346812,697,0,1255931956
wc_day46.h5:ddstream,14400,0,100790168,100800,1,12,1612642688,343206,3819621776,2.368548101,GM,0.02,28000,12,0,4611,28321,55332,49638,2334023440
wc_day46.h5:ddstream,14400,0,100790168,100800,1,12,1612642688,4854091,394295436,0.2445026657,AGM,0.04,7000,12,0,23226,95461,3920,0,271962064
wc_day46.h5:ddstream,14400,0,100790168,100800,1,12,1612642688,190287,817647264,0.5070232049,GM,0.04,7000,12,0,2536,15682,30432,27778,516241872
wc_day46.h5:ddstream,14400,0,100790168,100800,1,12,1612642688,5187017,536823752,0.3328844982,AGM,0.04,10500,12,0,24479,102587,3351,0,382634460
wc_day46.h5:ddstream,14400,0,100790168,100800,1,12,1612642688,188148,1129672080,0.7005098454,GM,0.04,10500,12,0,2503,15532,30036,27511,710392960
wc_day46.h5:ddstream,14400,0,100790168,100800,1,12,1612642688,5552691,743783660,0.4612203717,AGM,0.04,14000,12,0,24965,109180,2472,0,590797760
wc_day46.h5:ddstream,14400,0,100790168,100800,1,12,1612642688,191515,1468773088,0.910786437,GM,0.04,14000,12,0,2548,15845,30576,27989,921739424
wc_day46.h5:ddstream,14400,0,100790168,100800,1,12,1612642688,5780865,839058292,0.5203001869,AGM,0.04,17500,12,0,26162,113789,2220,0,668525824
wc_day46.h5:ddstream,14400,0,100790168,100800,1,12,1612642688,190159,1718029952,1.06535066,GM,0.04,17500,12,0,2527,15731,30324,27827,1076516944
wc_day46.h5:ddstream,14400,0,100790168,100800,1,12,1612642688,6631044,1063015440,0.6591760518,AGM,0.04,21000,12,0,29985,130690,1232,0,942164608
wc_day46.h5:ddstream,14400,0,100790168,100800,1,12,1612642688,190901,2028342576,1.25777557,GM,0.04,21000,12,0,2538,15789,30456,27923,1265838640
wc_day46.h5:ddstream,14400,0,100790168,100800,1,12,1612642688,5624635,1021510684,0.6334389457,AGM,0.04,24500,12,0,26446,110659,1368,0,872809344
wc_day46.h5:ddstream,14400,0,100790168,100800,1,12,1612642688,191295,2214431568,1.373169385,GM,0.04,24500,12,0,2542,15847,30504,27987,1375303296
wc_day46.h5:ddstream,14400,0,100790168,100800,1,12,1612642688,5987149,1106910288,0.6863952543,AGM,0.04,28000,12,0,26874,117470,1053,0,973252388
wc_day46.h5:ddstream,14400,0,100790168,100800,1,12,1612642688,190227,2496711232,1.548211052,GM,0.04,28000,12,0,2527,15787,30324,27831,1545826560
wc_day46.h5:ddstream,14400,0,100790168,100800,1,12,1612642688,2742149,297240256,0.1843187324,AGM,0.06,7000,12,0,12554,53435,3017,0,205589668
wc_day46.h5:ddstream,14400,0,100790168,100800,1,12,1612642688,136185,609519520,0.3779631561,GM,0.06,7000,12,0,1804,11278,21648,19996,385898464
wc_day46.h5:ddstream,14400,0,100790168,100800,1,12,1612642688,2594472,385489688,0.2390422199,AGM,0.06,10500,12,0,11880,50849,2978,0,253640664
wc_day46.h5:ddstream,14400,0,100790168,100800,1,12,1612642688,134647,841529760,0.5218327446,GM,0.06,10500,12,0,1783,11156,21396,19776,531709472
wc_day46.h5:ddstream,14400,0,100790168,100800,1,12,1612642688,2500443,521169108,0.3231770509,AGM,0.06,14000,12,0,11224,48643,2442,0,377847048
wc_day46.h5:ddstream,14400,0,100790168,100800,1,12,1612642688,131815,1066154736,0.6611227297,GM,0.06,14000,12,0,1744,10943,20928,19371,672373664
wc_day46.h5:ddstream,14400,0,100790168,100800,1,12,1612642688,2644477,601572428,0.373035163,AGM,0.06,17500,12,0,12051,51464,2270,0,435739656
wc_day46.h5:ddstream,14400,0,100790168,100800,1,12,1612642688,131293,1258404944,0.7803371158,GM,0.06,17500,12,0,1735,10904,20820,19318,792018656
wc_day46.h5:ddstream,14400,0,100790168,100800,1,12,1612642688,3069686,746445268,0.4628708353,AGM,0.06,21000,12,0,13677,60166,1713,0,594488996
wc_day46.h5:ddstream,14400,0,100790168,100800,1,12,1612642688,132820,1495011920,0.9270571411,GM,0.06,21000,12,0,1759,11006,21108,19505,937425696
wc_day46.h5:ddstream,14400,0,100790168,100800,1,12,1612642688,2824894,782598200,0.4852892744,AGM,0.06,24500,12,0,13094,55279,1548,0,623517232
wc_day46.h5:ddstream,14400,0,100790168,100800,1,12,1612642688,131094,1623657536,1.006830309,GM,0.06,24500,12,0,1736,10894,20832,19243,1015872912
wc_day46.h5:ddstream,14400,0,100790168,100800,1,12,1612642688,2905628,871615472,0.5404888997,AGM,0.06,28000,12,0,13073,56587,1320,0,716134512
wc_day46.h5:ddstream,14400,0,100790168,100800,1,12,1612642688,130743,1847379280,1.1455602,GM,0.06,28000,12,0,1729,10864,20748,19220,1153890848
wc_day46.h5:ddstream,14400,0,100790168,100800,1,12,1612642688,1799452,239742024,0.1486640691,AGM,0.08,7000,12,0,8097,34662,2462,0,166068808
wc_day46.h5:ddstream,14400,0,100790168,100800,1,12,1612642688,105806,485042320,0.3007748236,GM,0.08,7000,12,0,1401,8793,16812,15534,307503616
wc_day46.h5:ddstream,14400,0,100790168,100800,1,12,1612642688,1700977,317790604,0.1970620066,AGM,0.08,10500,12,0,7647,32944,2418,0,211765272
wc_day46.h5:ddstream,14400,0,100790168,100800,1,12,1612642688,104419,672860048,0.4172406281,GM,0.08,10500,12,0,1378,8684,16536,15384,426695312
wc_day46.h5:ddstream,14400,0,100790168,100800,1,12,1612642688,1603803,414073932,0.2567673143,AGM,0.08,14000,12,0,7145,30919,2000,0,297844560
wc_day46.h5:ddstream,14400,0,100790168,100800,1,12,1612642688,100299,834277280,0.5173354806,GM,0.08,14000,12,0,1323,8344,15876,14784,526860288
wc_day46.h5:ddstream,14400,0,100790168,100800,1,12,1612642688,1610111,458780800,0.2844900507,AGM,0.08,17500,12,0,7313,31078,1939,0,318819468
wc_day46.h5:ddstream,14400,0,100790168,100800,1,12,1612642688,100536,991703040,0.6149552206,GM,0.08,17500,12,0,1328,8356,15936,14799,624959040
wc_day46.h5:ddstream,14400,0,100790168,100800,1,12,1612642688,1794123,549256188,0.3405938539,AGM,0.08,21000,12,0,7896,34977,1788,0,394338720
wc_day46.h5:ddstream,14400,0,100790168,100800,1,12,1612642688,100728,1173559584,0.7277244939,GM,0.08,21000,12,0,1334,8359,16008,14790,738806304
wc_day46.h5:ddstream,14400,0,100790168,100800,1,12,1612642688,1679802,612779528,0.3799846876,AGM,0.08,24500,12,0,7741,32712,1620,0,449626400
wc_day46.h5:ddstream,14400,0,100790168,100800,1,12,1612642688,99812,1291343584,0.800762372,GM,0.08,24500,12,0,1320,8295,15840,14674,811721168
wc_day46.h5:ddstream,14400,0,100790168,100800,1,12,1612642688,1683143,696879340,0.4321349951,AGM,0.08,28000,12,0,7555,32643,1488,0,525794624
wc_day46.h5:ddstream,14400,0,100790168,100800,1,12,1612642688,99501,1453790608,0.9014957987,GM,0.08,28000,12,0,1316,8272,15792,14626,911997232
wc_day46.h5:ddstream,14400,0,100790168,100800,1,12,1612642688,1268710,194667480,0.1207133368,AGM,0.1,7000,12,0,5648,24286,2144,0,131285536
wc_day46.h5:ddstream,14400,0,100790168,100800,1,12,1612642688,85717,398812736,0.2473038442,GM,0.1,7000,12,0,1131,7145,13572,12627,253142080
wc_day46.h5:ddstream,14400,0,100790168,100800,1,12,1612642688,1217665,271688436,0.1684740445,AGM,0.1,10500,12,0,5446,23443,2068,0,181626208
wc_day46.h5:ddstream,14400,0,100790168,100800,1,12,1612642688,84584,563326528,0.349318874,GM,0.1,10500,12,0,1116,7059,13392,12458,357788112
wc_day46.h5:ddstream,14400,0,100790168,100800,1,12,1612642688,1151528,329880284,0.2045588192,AGM,0.1,14000,12,0,5139,22130,1749,0,228899556
wc_day46.h5:ddstream,14400,0,100790168,100800,1,12,1612642688,81352,688051488,0.4266608426,GM,0.1,14000,12,0,1073,6773,12876,11992,435221424
wc_day46.h5:ddstream,14400,0,100790168,100800,1,12,1612642688,1188199,391894564,0.2430138845,AGM,0.1,17500,12,0,5402,22836,1578,0,278308920
wc_day46.h5:ddstream,14400,0,100790168,100800,1,12,1612642688,81033,819489408,0.5081655187,GM,0.1,17500,12,0,1071,6733,12852,11923,517623072
wc_day46.h5:ddstream,14400,0,100790168,100800,1,12,1612642688,1285449,452498424,0.2805943483,AGM,0.1,21000,12,0,5663,24839,1491,0,323860284
wc_day46.h5:ddstream,14400,0,100790168,100800,1,12,1612642688,81262,970344352,0.6017106946,GM,0.1,21000,12,0,1073,6767,12876,11964,610976592
wc_day46.h5:ddstream,14400,0,100790168,100800,1,12,1612642688,1207372,499893148,0.3099838245,AGM,0.1,24500,12,0,5539,23383,1449,0,354727188
wc_day46.h5:ddstream,14400,0,100790168,100800,1,12,1612642688,80168,1072461552,0.6650335874,GM,0.1,24500,12,0,1060,6675,12720,11786,676049312
wc_day46.h5:ddstream,14400,0,100790168,100800,1,12,1612642688,1185716,561038452,0.3479000377,AGM,0.1,28000,12,0,5317,22879,1379,0,403467052
wc_day46.h5:ddstream,14400,0,100790168,100800,1,12,1612642688,79789,1200938160,0.7447019535,GM,0.1,28000,12,0,1053,6659,12636,11749,755741824
wc_day46.h5:ddstream,14400,0,100790168,100800,1,10,1612642688,11690161,645892980,0.4005183447,AGM,0.02,7000,10,0,68916,275779,3598,0,514961400
wc_day46.h5:ddstream,14400,0,100790168,100800,1,10,1612642688,263051,1083998080,0.6721873903,GM,0.02,7000,10,0,4236,22358,42360,37878,686503232
wc_day46.h5:ddstream,14400,0,100790168,100800,1,10,1612642688,12737185,838372968,0.5198752174,AGM,0.02,10500,10,0,74207,300730,2503,0,700283852
wc_day46.h5:ddstream,14400,0,100790168,100800,1,10,1612642688,262393,1469645936,0.9113276902,GM,0.02,10500,10,0,4223,22312,42230,37804,924890384
wc_day46.h5:ddstream,14400,0,100790168,100800,1,10,1612642688,12837452,1004584988,0.6229433187,AGM,0.02,14000,10,0,72697,302575,2143,0,851162924
wc_day46.h5:ddstream,14400,0,100790168,100800,1,10,1612642688,270739,1908943216,1.183736007,GM,0.02,14000,10,0,4352,23068,43520,39044,1196150256
wc_day46.h5:ddstream,14400,0,100790168,100800,1,10,1612642688,13270600,1097557944,0.6805958643,AGM,0.02,17500,10,0,74990,312893,1592,0,951563040
wc_day46.h5:ddstream,14400,0,100790168,100800,1,10,1612642688,270842,2274359936,1.410330976,GM,0.02,17500,10,0,4347,23105,43470,39116,1422822848
wc_day46.h5:ddstream,14400,0,100790168,100800,1,10,1612642688,14114635,1251485184,0.7760461715,AGM,0.02,21000,10,0,80208,332632,719,0,1154396268
wc_day46.h5:ddstream,14400,0,100790168,100800,1,10,1612642688,266125,2551782672,1.582360861,GM,0.02,21000,10,0,4283,22639,42830,38339,1591836704
wc_day46.h5:ddstream,14400,0,100790168,100800,1,10,1612642688,12697953,1295770020,0.8035072057,AGM,0.02,24500,10,0,73836,298871,714,0,1192873480
wc_day46.h5:ddstream,14400,0,100790168,100800,1,10,1612642688,272230,2940986720,1.823706356,GM,0.02,24500,10,0,4362,23236,43620,39385,1827467536
wc_day46.h5:ddstream,14400,0,100790168,100800,1,10,1612642688,13110711,1273332100,0.7895934477,AGM,0.02,28000,10,0,74020,308294,926,0,1135437864
wc_day46.h5:ddstream,14400,0,100790168,100800,1,10,1612642688,269509,3170342720,1.96593005,GM,0.02,28000,10,0,4336,22990,43360,38820,1965522288
wc_day46.h5:ddstream,14400,0,100790168,100800,1,10,1612642688,3684210,320364004,0.1986577724,AGM,0.04,7000,10,0,21996,85476,3185,0,221651204
wc_day46.h5:ddstream,14400,0,100790168,100800,1,10,1612642688,148935,649409216,0.4026987632,GM,0.04,7000,10,0,2381,12675,23810,21617,413964240
wc_day46.h5:ddstream,14400,0,100790168,100800,1,10,1612642688,3709399,421802608,0.2615598676,AGM,0.04,10500,10,0,21965,86675,2997,0,286339028
wc_day46.h5:ddstream,14400,0,100790168,100800,1,10,1612642688,146770,897468944,0.556520642,GM,0.04,10500,10,0,2339,12532,23390,21363,569610768
wc_day46.h5:ddstream,14400,0,100790168,100800,1,10,1612642688,3815306,601738852,0.3731383626,AGM,0.04,14000,10,0,21579,88575,2423,0,456078172
wc_day46.h5:ddstream,14400,0,100790168,100800,1,10,1612642688,149377,1175835824,0.7291359907,GM,0.04,14000,10,0,2381,12781,23810,21729,744385664
wc_day46.h5:ddstream,14400,0,100790168,100800,1,10,1612642688,4072980,698083136,0.4328814692,AGM,0.04,17500,10,0,23227,94697,2198,0,533594680
wc_day46.h5:ddstream,14400,0,100790168,100800,1,10,1612642688,149625,1394102672,0.8644832996,GM,0.04,17500,10,0,2381,12807,23810,21803,880547392
wc_day46.h5:ddstream,14400,0,100790168,100800,1,10,1612642688,4725993,881264604,0.546472328,AGM,0.04,21000,10,0,26736,110082,1530,0,740394872
wc_day46.h5:ddstream,14400,0,100790168,100800,1,10,1612642688,148690,1636131280,1.01456528,GM,0.04,21000,10,0,2371,12685,23710,21632,1030922896
wc_day46.h5:ddstream,14400,0,100790168,100800,1,10,1612642688,4180417,899041116,0.5574955461,AGM,0.04,24500,10,0,24568,97132,1322,0,758758776
wc_day46.h5:ddstream,14400,0,100790168,100800,1,10,1612642688,149583,1798609072,1.115317786,GM,0.04,24500,10,0,2378,12816,23780,21816,1129005312
wc_day46.h5:ddstream,14400,0,100790168,100800,1,10,1612642688,4381874,1010205024,0.626428304,AGM,0.04,28000,10,0,24616,101529,1116,0,873724736
wc_day46.h5:ddstream,14400,0,100790168,100800,1,10,1612642688,148432,2033968928,1.261264472,GM,0.04,28000,10,0,2361,12700,23610,21641,1274354832
wc_day46.h5:ddstream,14400,0,100790168,100800,1,10,1612642688,2080086,250715364,0.1554686391,AGM,0.06,7000,10,0,11918,47842,2445,0,176821540
wc_day46.h5:ddstream,14400,0,100790168,100800,1,10,1612642688,106068,483000112,0.2995084501,GM,0.06,7000,10,0,1682,9081,16820,15516,308115984
wc_day46.h5:ddstream,14400,0,100790168,100800,1,10,1612642688,1977530,309974532,0.192215259,AGM,0.06,10500,10,0,11296,45764,2413,0,203471796
wc_day46.h5:ddstream,14400,0,100790168,100800,1,10,1612642688,104916,667562416,0.4139555656,GM,0.06,10500,10,0,1663,8994,16630,15351,425720544
wc_day46.h5:ddstream,14400,0,100790168,100800,1,10,1612642688,1844284,424205960,0.2630501866,AGM,0.06,14000,10,0,10352,42324,1994,0,307701736
wc_day46.h5:ddstream,14400,0,100790168,100800,1,10,1612642688,102419,846365584,0.5248314399,GM,0.06,14000,10,0,1622,8777,16220,15001,538175184
wc_day46.h5:ddstream,14400,0,100790168,100800,1,10,1612642688,1877591,475932360,0.2951257359,AGM,0.06,17500,10,0,10759,43191,1967,0,333335932
wc_day46.h5:ddstream,14400,0,100790168,100800,1,10,1612642688,102626,1008459360,0.6253458175,GM,0.06,17500,10,0,1625,8804,16250,15031,640466144
wc_day46.h5:ddstream,14400,0,100790168,100800,1,10,1612642688,2150085,594337756,0.3685489417,AGM,0.06,21000,10,0,11949,49825,1660,0,449259456
wc_day46.h5:ddstream,14400,0,100790168,100800,1,10,1612642688,103077,1190903904,0.7384797096,GM,0.06,21000,10,0,1636,8820,16360,15066,753870576
wc_day46.h5:ddstream,14400,0,100790168,100800,1,10,1612642688,1993723,654163988,0.4056471981,AGM,0.06,24500,10,0,11617,46137,1440,0,507855296
wc_day46.h5:ddstream,14400,0,100790168,100800,1,10,1612642688,101591,1298257424,0.8050496453,GM,0.06,24500,10,0,1609,8720,16090,14874,820016512
wc_day46.h5:ddstream,14400,0,100790168,100800,1,10,1612642688,2018004,731822640,0.4538033412,AGM,0.06,28000,10,0,11363,46475,1370,0,573089464
wc_day46.h5:ddstream,14400,0,100790168,100800,1,10,1612642688,101309,1477523296,0.9162124425,GM,0.06,28000,10,0,1606,8702,16060,14816,932264976
wc_day46.h5:ddstream,14400,0,100790168,100800,1,10,1612642688,1365810,196717116,0.1219843165,AGM,0.08,7000,10,0,7700,31090,2007,0,136933372
wc_day46.h5:ddstream,14400,0,100790168,100800,1,10,1612642688,81894,381264960,0.2364224653,GM,0.08,7000,10,0,1299,7026,12990,11973,243452048
wc_day46.h5:ddstream,14400,0,100790168,100800,1,10,1612642688,1290095,259283380,0.1607816672,AGM,0.08,10500,10,0,7244,29496,1970,0,173157960
wc_day46.h5:ddstream,14400,0,100790168,100800,1,10,1612642688,81138,535127088,0.3318323966,GM,0.08,10500,10,0,1284,6981,12840,11886,342208976
wc_day46.h5:ddstream,14400,0,100790168,100800,1,10,1612642688,1180179,326714120,0.2025954803,AGM,0.08,14000,10,0,6611,26875,1687,0,229138620
wc_day46.h5:ddstream,14400,0,100790168,100800,1,10,1612642688,77977,662102448,0.4105698385,GM,0.08,14000,10,0,1234,6706,12340,11424,422119984
wc_day46.h5:ddstream,14400,0,100790168,100800,1,10,1612642688,1219269,374914028,0.2324842513,AGM,0.08,17500,10,0,6964,27852,1526,0,264900200
wc_day46.h5:ddstream,14400,0,100790168,100800,1,10,1612642688,78020,788355584,0.4888594292,GM,0.08,17500,10,0,1237,6698,12370,11411,501672880
wc_day46.h5:ddstream,14400,0,100790168,100800,1,10,1612642688,1356138,443272288,0.2748732198,AGM,0.08,21000,10,0,7457,31143,1436,0,319077344
wc_day46.h5:ddstream,14400,0,100790168,100800,1,10,1612642688,78451,937966032,0.581632893,GM,0.08,21000,10,0,1245,6736,12450,11462,595417872
wc_day46.h5:ddstream,14400,0,100790168,100800,1,10,1612642688,1248419,485538484,0.301082495,AGM,0.08,24500,10,0,7228,28722,1338,0,351158472
wc_day46.h5:ddstream,14400,0,100790168,100800,1,10,1612642688,77154,1029866160,0.6386201777,GM,0.08,24500,10,0,1224,6624,12240,11277,653317952
wc_day46.h5:ddstream,14400,0,100790168,100800,1,10,1612642688,1216806,556132448,0.3448578238,AGM,0.08,28000,10,0,6833,27907,1300,0,407338384
wc_day46.h5:ddstream,14400,0,100790168,100800,1,10,1612642688,76867,1152348544,0.7145715245,GM,0.08,28000,10,0,1218,6610,12180,11246,729954528
wc_day46.h5:ddstream,14400,0,100790168,100800,1,10,1612642688,953696,159193708,0.0987160449,AGM,0.1,7000,10,0,5308,21497,1775,0,106977484
wc_day46.h5:ddstream,14400,0,100790168,100800,1,10,1612642688,66766,315321888,0.1955311554,GM,0.1,7000,10,0,1057,5749,10570,9776,201429952
wc_day46.h5:ddstream,14400,0,100790168,100800,1,10,1612642688,919859,219500748,0.1361124505,AGM,0.1,10500,10,0,5165,20869,1682,0,146438568
wc_day46.h5:ddstream,14400,0,100790168,100800,1,10,1612642688,66059,449140272,0.2785119576,GM,0.1,10500,10,0,1045,5702,10450,9676,287114896
wc_day46.h5:ddstream,14400,0,100790168,100800,1,10,1612642688,871445,267404440,0.1658175379,AGM,0.1,14000,10,0,4856,19728,1399,0,186763292
wc_day46.h5:ddstream,14400,0,100790168,100800,1,10,1612642688,63016,543539328,0.337048828,GM,0.1,14000,10,0,998,5416,9980,9227,346660624
wc_day46.h5:ddstream,14400,0,100790168,100800,1,10,1612642688,892099,313309844,0.1942834866,AGM,0.1,17500,10,0,5086,20234,1282,0,221227784
wc_day46.h5:ddstream,14400,0,100790168,100800,1,10,1612642688,62985,651701136,0.4041199832,GM,0.1,17500,10,0,996,5415,9960,9237,415254752
wc_day46.h5:ddstream,14400,0,100790168,100800,1,10,1612642688,965146,373896664,0.2318533838,AGM,0.1,21000,10,0,5321,22055,1214,0,269377512
wc_day46.h5:ddstream,14400,0,100790168,100800,1,10,1612642688,63342,776221408,0.4813350247,GM,0.1,21000,10,0,1002,5457,10020,9282,493457136
wc_day46.h5:ddstream,14400,0,100790168,100800,1,10,1612642688,914424,405454432,0.251422361,AGM,0.1,24500,10,0,5274,20873,1146,0,290754584
wc_day46.h5:ddstream,14400,0,100790168,100800,1,10,1612642688,62326,852409280,0.5285791368,GM,0.1,24500,10,0,988,5365,9880,9114,542106368
wc_day46.h5:ddstream,14400,0,100790168,100800,1,10,1612642688,898715,456632072,0.2831576241,AGM,0.1,28000,10,0,5037,20495,1079,0,333420444
wc_day46.h5:ddstream,14400,0,100790168,100800,1,10,1612642688,62316,954909712,0.5921396718,GM,0.1,28000,10,0,986,5376,9860,9127,605654256
wc_day46.h5:ddstream,14400,0,100790168,100800,1,20,1612642688,40460491,1211333628,0.7511481849,AGM,0.02,7000,20,0,99360,508530,2780,0,1028253584
wc_day46.h5:ddstream,14400,0,100790168,100800,1,20,1612642688,653905,2514925744,1.559505874,GM,0.02,7000,20,0,5281,49905,105620,95727,1535916304
wc_day46.h5:ddstream,14400,0,100790168,100800,1,20,1612642688,41370386,1358310168,0.8422883619,AGM,0.02,10500,20,0,101319,519947,1748,0,1177233088
wc_day46.h5:ddstream,14400,0,100790168,100800,1,20,1612642688,652603,3333534176,2.067125099,GM,0.02,10500,20,0,5269,49809,105380,95565,2011752624
wc_day46.h5:ddstream,14400,0,100790168,100800,1,20,1612642688,40095024,1467305704,0.909876512,AGM,0.02,14000,20,0,96167,503447,1226,0,1293941576
wc_day46.h5:ddstream,14400,0,100790168,100800,1,20,1612642688,672857,4200648368,2.604822754,GM,0.02,14000,20,0,5424,51433,108480,98675,2508987408
wc_day46.h5:ddstream,14400,0,100790168,100800,1,20,1612642688,40386178,1546396240,0.9589205665,AGM,0.02,17500,20,0,96965,507254,866,0,1380332856
wc_day46.h5:ddstream,14400,0,100790168,100800,1,20,1612642688,669756,4893000128,3.034150196,GM,0.02,17500,20,0,5392,51230,107840,98349,2898656400
wc_day46.h5:ddstream,14400,0,100790168,100800,1,20,1612642688,41997070,1638607392,1.016100717,AGM,0.02,21000,20,0,101542,527037,518,0,1485520616
wc_day46.h5:ddstream,14400,0,100790168,100800,1,20,1612642688,655773,5413652128,3.357006588,GM,0.02,21000,20,0,5297,49967,105940,96009,3188947008
wc_day46.h5:ddstream,14400,0,100790168,100800,1,20,1612642688,37465515,1688028712,1.046746886,AGM,0.02,24500,20,0,92379,468729,249,0,1566045284
wc_day46.h5:ddstream,14400,0,100790168,100800,1,20,1612642688,676052,6098810592,3.781873466,GM,0.02,24500,20,0,5437,51754,108740,99373,3566440800
wc_day46.h5:ddstream,14400,0,100790168,100800,1,20,1612642688,39875470,1753283260,1.087211242,AGM,0.02,28000,20,0,95339,499003,95,0,1638316300
wc_day46.h5:ddstream,14400,0,100790168,100800,1,20,1612642688,670475,6458289328,4.00478629,GM,0.02,28000,20,0,5413,51295,108260,98147,3761851888
wc_day46.h5:ddstream,14400,0,100790168,100800,1,20,1612642688,13747048,764020532,0.4737692594,AGM,0.04,7000,20,0,34115,170202,4271,0,608552748
wc_day46.h5:ddstream,14400,0,100790168,100800,1,20,1612642688,376880,1565536112,0.9707892044,GM,0.04,7000,20,0,3021,28876,60420,55595,965477392
wc_day46.h5:ddstream,14400,0,100790168,100800,1,20,1612642688,14977472,985173136,0.6109060261,AGM,0.04,10500,20,0,36372,185565,2448,0,843131232
wc_day46.h5:ddstream,14400,0,100790168,100800,1,20,1612642688,373591,2136439120,1.324806255,GM,0.04,10500,20,0,2990,28713,59800,55173,1309123232
wc_day46.h5:ddstream,14400,0,100790168,100800,1,20,1612642688,14562763,1099940480,0.6820732752,AGM,0.04,14000,20,0,34248,179890,1951,0,952319596
wc_day46.h5:ddstream,14400,0,100790168,100800,1,20,1612642688,379551,2761183744,1.712210501,GM,0.04,14000,20,0,3034,29246,60680,56102,1682965088
wc_day46.h5:ddstream,14400,0,100790168,100800,1,20,1612642688,14422092,1170904060,0.726077803,AGM,0.04,17500,20,0,34188,178140,1533,0,1025638916
wc_day46.h5:ddstream,14400,0,100790168,100800,1,20,1612642688,378892,3209976560,1.990507001,GM,0.04,17500,20,0,3023,29208,60460,56115,1945576240
wc_day46.h5:ddstream,14400,0,100790168,100800,1,20,1612642688,15344189,1310899396,0.8128889343,AGM,0.04,21000,20,0,36442,189895,844,0,1199655392
wc_day46.h5:ddstream,14400,0,100790168,100800,1,20,1612642688,379207,3730129824,2.313054126,GM,0.04,21000,20,0,3033,29205,60660,56021,2242991296
wc_day46.h5:ddstream,14400,0,100790168,100800,1,20,1612642688,13073158,1311206804,0.813079558,AGM,0.04,24500,20,0,32225,161187,1129,0,1166331844
wc_day46.h5:ddstream,14400,0,100790168,100800,1,20,1612642688,380290,4046961520,2.509521514,GM,0.04,24500,20,0,3035,29355,60700,56292,2424542736
wc_day46.h5:ddstream,14400,0,100790168,100800,1,20,1612642688,13711726,1327864984,0.8234092982,AGM,0.04,28000,20,0,32286,168952,1032,0,1176123936
wc_day46.h5:ddstream,14400,0,100790168,100800,1,20,1612642688,377505,4498197280,2.789332884,GM,0.04,28000,20,0,3014,29171,60280,55845,2679849216
wc_day46.h5:ddstream,14400,0,100790168,100800,1,20,1612642688,6543818,550950060,0.3416442242,AGM,0.06,7000,20,0,16106,80099,4819,0,398865900
wc_day46.h5:ddstream,14400,0,100790168,100800,1,20,1612642688,272612,1183935360,0.7341585144,GM,0.06,7000,20,0,2174,21016,43480,40399,732634016
wc_day46.h5:ddstream,14400,0,100790168,100800,1,20,1612642688,7073770,735293412,0.4559555675,AGM,0.06,10500,20,0,17137,86788,3569,0,566813524
wc_day46.h5:ddstream,14400,0,100790168,100800,1,20,1612642688,269534,1623112960,1.006492617,GM,0.06,10500,20,0,2148,20806,42960,39963,1002491088
wc_day46.h5:ddstream,14400,0,100790168,100800,1,20,1612642688,7475210,905616704,0.5615730693,AGM,0.06,14000,20,0,17555,91210,2194,0,762974696
wc_day46.h5:ddstream,14400,0,100790168,100800,1,20,1612642688,264242,2052840592,1.272966794,GM,0.06,14000,20,0,2101,20446,42020,39259,1261566640
wc_day46.h5:ddstream,14400,0,100790168,100800,1,20,1612642688,7411829,982895072,0.6094933982,AGM,0.06,17500,20,0,17672,90389,1961,0,826051764
wc_day46.h5:ddstream,14400,0,100790168,100800,1,20,1612642688,264032,2418513840,1.499720836,GM,0.06,17500,20,0,2099,20431,41980,39234,1480844368
wc_day46.h5:ddstream,14400,0,100790168,100800,1,20,1612642688,8221411,1146001688,0.710635838,AGM,0.06,21000,20,0,19310,100615,973,0,1042530308
wc_day46.h5:ddstream,14400,0,100790168,100800,1,20,1612642688,264869,2816522464,1.74652605,GM,0.06,21000,20,0,2112,20479,42240,39237,1716946784
wc_day46.h5:ddstream,14400,0,100790168,100800,1,20,1612642688,7094393,1124518852,0.6973143278,AGM,0.06,24500,20,0,17340,86572,1200,0,988250720
wc_day46.h5:ddstream,14400,0,100790168,100800,1,20,1612642688,262268,3044735984,1.888041292,GM,0.06,24500,20,0,2088,20275,41760,38918,1847342928
wc_day46.h5:ddstream,14400,0,100790168,100800,1,20,1612642688,7318139,1167310680,0.7238495475,AGM,0.06,28000,20,0,17285,89123,1013,0,1034485348
wc_day46.h5:ddstream,14400,0,100790168,100800,1,20,1612642688,262468,3454337456,2.142035233,GM,0.06,28000,20,0,2086,20352,41720,38999,2085289808
wc_day46.h5:ddstream,14400,0,100790168,100800,1,20,1612642688,3850833,404578672,0.250879302,AGM,0.08,7000,20,0,9424,46699,4521,0,267866948
wc_day46.h5:ddstream,14400,0,100790168,100800,1,20,1612642688,212810,945930544,0.5865716882,GM,0.08,7000,20,0,1691,16480,33820,31637,585605456
wc_day46.h5:ddstream,14400,0,100790168,100800,1,20,1612642688,3967462,592718132,0.3675446126,AGM,0.08,10500,20,0,9590,48178,3929,0,417250036
wc_day46.h5:ddstream,14400,0,100790168,100800,1,20,1612642688,210393,1325827344,0.8221457573,GM,0.08,10500,20,0,1672,16313,33440,31267,820892736
wc_day46.h5:ddstream,14400,0,100790168,100800,1,20,1612642688,4382134,727592892,0.4511804738,AGM,0.08,14000,20,0,10388,53012,2499,0,576043068
wc_day46.h5:ddstream,14400,0,100790168,100800,1,20,1612642688,202315,1621006112,1.005186161,GM,0.08,14000,20,0,1606,15675,32120,30107,1000643488
wc_day46.h5:ddstream,14400,0,100790168,100800,1,20,1612642688,4372712,799380660,0.4956960807,AGM,0.08,17500,20,0,10524,52873,2231,0,631651020
wc_day46.h5:ddstream,14400,0,100790168,100800,1,20,1612642688,201844,1924310448,1.19326523,GM,0.08,17500,20,0,1603,15606,32060,30033,1184213488
wc_day46.h5:ddstream,14400,0,100790168,100800,1,20,1612642688,4954264,928466148,0.5757420133,AGM,0.08,21000,20,0,11705,60118,1583,0,782371676
wc_day46.h5:ddstream,14400,0,100790168,100800,1,20,1612642688,203479,2250036848,1.395248225,GM,0.08,21000,20,0,1617,15762,32340,30246,1379948960
wc_day46.h5:ddstream,14400,0,100790168,100800,1,20,1612642688,4531462,968417536,0.6005158757,AGM,0.08,24500,20,0,11071,54908,1430,0,816326808
wc_day46.h5:ddstream,14400,0,100790168,100800,1,20,1612642688,200611,2472430608,1.533154633,GM,0.08,24500,20,0,1593,15555,31860,29839,1512338960
wc_day46.h5:ddstream,14400,0,100790168,100800,1,20,1612642688,4712727,1047440436,0.6495179892,AGM,0.08,28000,20,0,11208,56918,1010,0,921824008
wc_day46.h5:ddstream,14400,0,100790168,100800,1,20,1612642688,200349,2761676944,1.712516334,GM,0.08,28000,20,0,1590,15539,31800,29817,1682750608
wc_day46.h5:ddstream,14400,0,100790168,100800,1,20,1612642688,2793629,338625620,0.2099818035,AGM,0.1,7000,20,0,6694,33591,3784,0,225287376
wc_day46.h5:ddstream,14400,0,100790168,100800,1,20,1612642688,174063,786984848,0.4880094356,GM,0.1,7000,20,0,1382,13490,27640,25898,487534976
wc_day46.h5:ddstream,14400,0,100790168,100800,1,20,1612642688,2696889,475884496,0.2950960554,AGM,0.1,10500,20,0,6512,32557,3589,0,318033812
wc_day46.h5:ddstream,14400,0,100790168,100800,1,20,1612642688,171244,1116896608,0.692587773,GM,0.1,10500,20,0,1359,13314,27180,25477,692883840
wc_day46.h5:ddstream,14400,0,100790168,100800,1,20,1612642688,2855727,601967720,0.3732802836,AGM,0.1,14000,20,0,6797,34320,2637,0,446726708
wc_day46.h5:ddstream,14400,0,100790168,100800,1,20,1612642688,164823,1352203552,0.8385016483,GM,0.1,14000,20,0,1308,12779,26160,24535,835190512
wc_day46.h5:ddstream,14400,0,100790168,100800,1,20,1612642688,2995147,684573992,0.4245044467,AGM,0.1,17500,20,0,7232,36006,2261,0,518378772
wc_day46.h5:ddstream,14400,0,100790168,100800,1,20,1612642688,163879,1605737392,0.9957180248,GM,0.1,17500,20,0,1301,12684,26020,24392,989547872
wc_day46.h5:ddstream,14400,0,100790168,100800,1,20,1612642688,3342864,796054544,0.4936335556,AGM,0.1,21000,20,0,7886,40362,1796,0,636323856
wc_day46.h5:ddstream,14400,0,100790168,100800,1,20,1612642688,165337,1892176384,1.173338892,GM,0.1,21000,20,0,1311,12840,26220,24626,1163090368
wc_day46.h5:ddstream,14400,0,100790168,100800,1,20,1612642688,3182081,855725884,0.5306357635,AGM,0.1,24500,20,0,7767,38375,1622,0,688366936
wc_day46.h5:ddstream,14400,0,100790168,100800,1,20,1612642688,162693,2098504160,1.30128278,GM,0.1,24500,20,0,1290,12617,25800,24239,1286931568
wc_day46.h5:ddstream,14400,0,100790168,100800,1,20,1612642688,3177764,902359688,0.5595533931,AGM,0.1,28000,20,0,7580,38233,1486,0,727499640
wc_day46.h5:ddstream,14400,0,100790168,100800,1,20,1612642688,162085,2330685120,1.445258232,GM,0.1,28000,20,0,1285,12606,25700,24140,1426032032
wc_day46.h5:ddstream,14400,0,100790168,100800,1,27,1612642688,67122123,1477580592,0.9162479717,AGM,0.02,7000,27,0,114081,641017,2878,0,1222402024
wc_day46.h5:ddstream,14400,0,100790168,100800,1,27,1612642688,946265,3441464128,2.13405248,GM,0.02,7000,27,0,5727,68844,154629,137863,2089020032
wc_day46.h5:ddstream,14400,0,100790168,100800,1,27,1612642688,69578956,1688261252,1.046891084,AGM,0.02,10500,27,0,117457,663926,1205,0,1456419356
wc_day46.h5:ddstream,14400,0,100790168,100800,1,27,1612642688,944739,4420272512,2.741011722,GM,0.02,10500,27,0,5716,68767,154332,137677,2642346016
wc_day46.h5:ddstream,14400,0,100790168,100800,1,27,1612642688,68022934,1860297252,1.153570636,AGM,0.02,14000,27,0,112551,648333,312,0,1665066560
wc_day46.h5:ddstream,14400,0,100790168,100800,1,27,1612642688,971101,5452769200,3.381263091,GM,0.02,14000,27,0,5864,70820,158328,141784,3218547792
wc_day46.h5:ddstream,14400,0,100790168,100800,1,27,1612642688,68594796,1933081388,1.198704091,AGM,0.02,17500,27,0,113595,653665,0,0,1753834112
wc_day46.h5:ddstream,14400,0,100790168,100800,1,27,1612642688,967120,6249147248,3.875097252,GM,0.02,17500,27,0,5834,70439,157518,141394,3653448112
wc_day46.h5:ddstream,14400,0,100790168,100800,1,27,1612642688,70427605,1936720380,1.200960631,AGM,0.02,21000,27,0,117545,671036,26,0,1750687344
wc_day46.h5:ddstream,14400,0,100790168,100800,1,27,1612642688,948814,6792024048,4.211735246,GM,0.02,21000,27,0,5743,68921,155061,138255,3952815360
wc_day46.h5:ddstream,14400,0,100790168,100800,1,27,1612642688,62083402,1901918232,1.179379813,AGM,0.02,24500,27,0,105523,590136,0,0,1740111848
wc_day46.h5:ddstream,14400,0,100790168,100800,1,27,1612642688,975678,7487519312,4.643011975,GM,0.02,24500,27,0,5884,71266,158868,142621,4329655264
wc_day46.h5:ddstream,14400,0,100790168,100800,1,27,1612642688,65993369,1920821428,1.191101688,AGM,0.02,28000,27,0,109194,627694,0,0,1748224376
wc_day46.h5:ddstream,14400,0,100790168,100800,1,27,1612642688,966971,7816113808,4.846773477,GM,0.02,28000,27,0,5849,70644,157923,140871,4508256592
wc_day46.h5:ddstream,14400,0,100790168,100800,1,27,1612642688,25007188,1060636228,0.657700702,AGM,0.04,7000,27,0,42324,235044,3157,0,906763036
wc_day46.h5:ddstream,14400,0,100790168,100800,1,27,1612642688,551066,2214790784,1.373392135,GM,0.04,7000,27,0,3312,40386,89424,80821,1366132240
wc_day46.h5:ddstream,14400,0,100790168,100800,1,27,1612642688,26028139,1249521008,0.7748281856,AGM,0.04,10500,27,0,43415,244646,1673,0,1110954812
wc_day46.h5:ddstream,14400,0,100790168,100800,1,27,1612642688,546477,2970659888,1.842106692,GM,0.04,10500,27,0,3282,40162,88614,80176,1814280976
wc_day46.h5:ddstream,14400,0,100790168,100800,1,27,1612642688,24544620,1291644428,0.8009489254,AGM,0.04,14000,27,0,39919,230366,1543,0,1140571892
wc_day46.h5:ddstream,14400,0,100790168,100800,1,27,1612642688,554642,3767338976,2.336127528,GM,0.04,14000,27,0,3326,40803,89802,81496,2276277472
wc_day46.h5:ddstream,14400,0,100790168,100800,1,27,1612642688,24066274,1362336972,0.8447853837,AGM,0.04,17500,27,0,39494,225740,1281,0,1209322316
wc_day46.h5:ddstream,14400,0,100790168,100800,1,27,1612642688,552499,4306788688,2.670640384,GM,0.04,17500,27,0,3308,40703,89316,81301,2583093008
wc_day46.h5:ddstream,14400,0,100790168,100800,1,27,1612642688,25376340,1514047992,0.9388614126,AGM,0.04,21000,27,0,41825,238234,652,0,1392542888
wc_day46.h5:ddstream,14400,0,100790168,100800,1,27,1612642688,554620,4942047024,3.064564184,GM,0.04,21000,27,0,3327,40826,89829,81454,2936285568
wc_day46.h5:ddstream,14400,0,100790168,100800,1,27,1612642688,21702478,1500115852,0.9302220902,AGM,0.04,24500,27,0,36943,202884,631,0,1381363716
wc_day46.h5:ddstream,14400,0,100790168,100800,1,27,1612642688,556565,5322291168,3.300353642,GM,0.04,24500,27,0,3334,41106,90018,81820,3147885664
wc_day46.h5:ddstream,14400,0,100790168,100800,1,27,1612642688,23019969,1569382000,0.9731740402,AGM,0.04,28000,27,0,37534,215148,499,0,1452761012
wc_day46.h5:ddstream,14400,0,100790168,100800,1,27,1612642688,552624,5800591600,3.596947819,GM,0.04,28000,27,0,3310,40816,89370,81251,3410830048
wc_day46.h5:ddstream,14400,0,100790168,100800,1,27,1612642688,12763417,810524952,0.502606658,AGM,0.06,7000,27,0,21469,118739,4408,0,653543232
wc_day46.h5:ddstream,14400,0,100790168,100800,1,27,1612642688,402307,1693516880,1.0501501,GM,0.06,7000,27,0,2404,29699,64908,59313,1050004064
wc_day46.h5:ddstream,14400,0,100790168,100800,1,27,1612642688,13882087,1045482956,0.6483041555,AGM,0.06,10500,27,0,22859,129007,2185,0,917071956
wc_day46.h5:ddstream,14400,0,100790168,100800,1,27,1612642688,397005,2304153024,1.428805675,GM,0.06,10500,27,0,2373,29365,64071,58494,1423005504
wc_day46.h5:ddstream,14400,0,100790168,100800,1,27,1612642688,13113296,1081743304,0.6707892034,AGM,0.06,14000,27,0,21276,121521,2103,0,929258396
wc_day46.h5:ddstream,14400,0,100790168,100800,1,27,1612642688,389887,2873013696,1.781556272,GM,0.06,14000,27,0,2326,28889,62802,57549,1760611232
wc_day46.h5:ddstream,14400,0,100790168,100800,1,27,1612642688,12795920,1159488360,0.7189989256,AGM,0.06,17500,27,0,21034,118391,1725,0,1004897620
wc_day46.h5:ddstream,14400,0,100790168,100800,1,27,1612642688,388684,3316984784,2.056862818,GM,0.06,17500,27,0,2318,28790,62586,57397,2020898560
wc_day46.h5:ddstream,14400,0,100790168,100800,1,27,1612642688,13639408,1297033744,0.8042908411,AGM,0.06,21000,27,0,22226,126589,889,0,1186279220
wc_day46.h5:ddstream,14400,0,100790168,100800,1,27,1612642688,393059,3827809152,2.373625094,GM,0.06,21000,27,0,2350,29052,63450,57904,2311987632
wc_day46.h5:ddstream,14400,0,100790168,100800,1,27,1612642688,11863786,1287185328,0.7981838367,AGM,0.06,24500,27,0,19965,109871,1175,0,1140767660
wc_day46.h5:ddstream,14400,0,100790168,100800,1,27,1612642688,387480,4122944848,2.556638788,GM,0.06,24500,27,0,2313,28735,62451,57149,2478431056
wc_day46.h5:ddstream,14400,0,100790168,100800,1,27,1612642688,12231389,1328808648,0.8239944644,AGM,0.06,28000,27,0,19956,113000,993,0,1185189100
wc_day46.h5:ddstream,14400,0,100790168,100800,1,27,1612642688,387364,4608303552,2.857609802,GM,0.06,28000,27,0,2310,28751,62370,57186,2750416688
wc_day46.h5:ddstream,14400,0,100790168,100800,1,27,1612642688,7837315,655170396,0.4062712719,AGM,0.08,7000,27,0,13123,72272,4536,0,507488936
wc_day46.h5:ddstream,14400,0,100790168,100800,1,27,1612642688,315447,1360181952,0.8434490555,GM,0.08,7000,27,0,1879,23392,50733,46637,843943840
wc_day46.h5:ddstream,14400,0,100790168,100800,1,27,1612642688,8348715,886118820,0.5494824282,AGM,0.08,10500,27,0,13763,76949,2813,0,745883332
wc_day46.h5:ddstream,14400,0,100790168,100800,1,27,1612642688,311655,1905841024,1.181812337,GM,0.08,10500,27,0,1856,23176,50112,46066,1183359328
wc_day46.h5:ddstream,14400,0,100790168,100800,1,27,1612642688,8332077,963530072,0.5974851585,AGM,0.08,14000,27,0,13538,76527,2070,0,825487016
wc_day46.h5:ddstream,14400,0,100790168,100800,1,27,1612642688,300339,2307028688,1.430588875,GM,0.08,14000,27,0,1787,22312,48249,44445,1424221520
wc_day46.h5:ddstream,14400,0,100790168,100800,1,27,1612642688,8291073,1044640096,0.6477814979,AGM,0.08,17500,27,0,13594,76074,1589,0,911410380
wc_day46.h5:ddstream,14400,0,100790168,100800,1,27,1612642688,299692,2706144656,1.678080753,GM,0.08,17500,27,0,1786,22226,48222,44285,1663134800
wc_day46.h5:ddstream,14400,0,100790168,100800,1,27,1612642688,8782327,1151487144,0.7140373702,AGM,0.08,21000,27,0,14256,80831,1172,0,1029727824
wc_day46.h5:ddstream,14400,0,100790168,100800,1,27,1612642688,301512,3131077552,1.941581713,GM,0.08,21000,27,0,1797,22402,48519,44536,1912304176
wc_day46.h5:ddstream,14400,0,100790168,100800,1,27,1612642688,7924286,1176225708,0.7293777579,AGM,0.08,24500,27,0,13229,72873,1146,0,1042957048
wc_day46.h5:ddstream,14400,0,100790168,100800,1,27,1612642688,296892,3444846848,2.136150105,GM,0.08,24500,27,0,1766,22060,47682,43947,2090964608
wc_day46.h5:ddstream,14400,0,100790168,100800,1,27,1612642688,8013244,1205242960,0.7473713607,AGM,0.08,28000,27,0,13037,73534,1122,0,1058292192
wc_day46.h5:ddstream,14400,0,100790168,100800,1,27,1612642688,297219,3811079008,2.363250729,GM,0.08,28000,27,0,1770,22117,47790,43929,2300616352
wc_day46.h5:ddstream,14400,0,100790168,100800,1,27,1612642688,4696462,502086420,0.3113438728,AGM,0.1,7000,27,0,7873,42982,5371,0,339297732
wc_day46.h5:ddstream,14400,0,100790168,100800,1,27,1612642688,258279,1132950496,0.7025427917,GM,0.1,7000,27,0,1539,19192,41553,38161,703173360
wc_day46.h5:ddstream,14400,0,100790168,100800,1,27,1612642688,5341454,744367372,0.4615823316,AGM,0.1,10500,27,0,8869,48920,3619,0,578231140
wc_day46.h5:ddstream,14400,0,100790168,100800,1,27,1612642688,254844,1609645376,0.9981413663,GM,0.1,10500,27,0,1517,18976,40959,37682,1001835392
wc_day46.h5:ddstream,14400,0,100790168,100800,1,27,1612642688,5583920,816003032,0.5060036163,AGM,0.1,14000,27,0,9117,51045,2521,0,659993220
wc_day46.h5:ddstream,14400,0,100790168,100800,1,27,1612642688,245227,1927488000,1.195235631,GM,0.1,14000,27,0,1462,18227,39474,36211,1193540320
wc_day46.h5:ddstream,14400,0,100790168,100800,1,27,1612642688,5561945,908932848,0.5636294108,AGM,0.1,17500,27,0,9183,50843,2230,0,738077048
wc_day46.h5:ddstream,14400,0,100790168,100800,1,27,1612642688,244606,2291006400,1.420653451,GM,0.1,17500,27,0,1458,18170,39366,36131,1413079680
wc_day46.h5:ddstream,14400,0,100790168,100800,1,27,1612642688,6270126,1018105412,0.6313273359,AGM,0.1,21000,27,0,10133,57379,1426,0,881637544
wc_day46.h5:ddstream,14400,0,100790168,100800,1,27,1612642688,246369,2660393088,1.649710198,GM,0.1,21000,27,0,1468,18310,39636,36402,1633935760
wc_day46.h5:ddstream,14400,0,100790168,100800,1,27,1612642688,5717455,1046361036,0.6488486531,AGM,0.1,24500,27,0,9506,52313,1505,0,883715924
wc_day46.h5:ddstream,14400,0,100790168,100800,1,27,1612642688,242066,2945508688,1.826510429,GM,0.1,24500,27,0,1443,17994,38961,35748,1802591936
wc_day46.h5:ddstream,14400,0,100790168,100800,1,27,1612642688,5893712,1118107172,0.693338444,AGM,0.1,28000,27,0,9570,53798,1091,0,980225924
wc_day46.h5:ddstream,14400,0,100790168,100800,1,27,1612642688,241704,3242663152,2.010775962,GM,0.1,28000,27,0,1440,17977,38880,35714,1974475648
